1990 1426
1991 48
1992 1408
1993 1319
1994 1437
1995 1428
1996 1460
1997 1447
1998 1444
1999 1449
2000 1452
2001 1456
2002 1460
2003 1420
2004 1455
2005 1453
2006 1460
2007 1460
2008 1459
2009 1459
2010 1460
2011 1460
2012 1463
2013 1460
2014 1460
2015 1460
2016 1370
2017 1460
2018 1456
2019 1460
2020 1463



201601 124
201602 116
201603 91
201604 59
201605 124
201606 120
201607 124
201608 124
201609 120
201610 124
201611 120
201612 124


checking 2000
checking 2001
checking 2002
checking 2003
200305 84
checking 2004
checking 2005
200502 111
checking 2006
checking 2007
checking 2008
checking 2009
checking 2010
checking 2011
checking 2012
checking 2013
checking 2014
checking 2015
checking 2016
201603 91
201604 59
checking 2017
checking 2018
checking 2019
checking 2020

